WINDOW__BACKGROUND_COLOR=44.52297, 0.6648936, 0.9680851
eclipse.preferences.version=1
